AK	27	21.2	48	517	519	491		
AL	81	20.3	9	556	563	554		
AR	75	20.5	5	566	578	565		
AZ	18	21.8	32	525	519	491		
CA	15	22.1	49	516	499	498		
CO	100	20.4	24	565	560	549		
CT	16	23.2	84	512	510	511		
DC	31	18.7	78	462	478	471		
DE	9	21.7	72	496	497	486		
FL	54	19.9	65	496	497	479		
GA	34	20.3	69	495	494	483		
HI	20	22.3	61	506	484	473		
IA	66	22.3	4	613	608	586		
ID	59	21.4	19	539	541	519		
IL	100	20.5	8	611	594	588		
IN	21	22.0	62	507	497	483		
KS	76	21.9	8	590	583	569		
KY	77	20.7	10	565	567	553		
LA	79	20.1	7	567	569	563		
MA	15	23.5	89	522	513	511			
MD	14	21.6	70	502	500	496		
ME	11	22.5	100	465	466	457		
MI	70	21.5	9	579	568	553		
MN	70	22.5	9	603	596	577		
MO	74	21.6	6	594	594	587		
MS	96	18.9	4	549	568	560			
MT	59	21.9	28	543	538	522			
NC	16	21.0	71	509	495	482			
ND	82	21.6	4	596	584	562			
NE	77	22.1	6	585	579	562			
NH	15	22.9	83	521	521	512			
NJ	11	22.2	82	510	495	494			
NM	60	20.2	12	546	555	540			
NV	29	21.5	41	506	500	480			
NY	21	22.9	89	505	491	482			
OH	68	21.6	27	542	536	522			
OK	71	20.7	6	571	578	559			
OR	18	22.0	54	526	522	502			
PA	11	22.0	75	499	493	482			
RI	9	21.8	68	498	496	492			
SC	43	19.6	62	496	488	475			
SD	76	21.9	3	602	589	567			
TN	96	20.7	13	569	574	568			
TX	30	20.5	52	507	492	482			
UT	70	21.7	6	556	558	544			
VA	18	21.4	73	511	511	498			
VT	22	22.8	67	518	516	508			
WA	16	23.1	53	531	526	510			
WI	70	22.3	6	598	587	575			
WV	66	20.6	20	507	516	505			
WY	78	21.5	8	571	565	544	
